0  -7.5610626894276e-05 -4.19863251987078e-05 -0.000429959862588464 -0.833345326308508 -0.0098688922571713 -8.26904261880825e-06 0.552664610787597
0 -0.00594872281856133  0.00376603487971308    0.137468723150399 -0.8173516954253 -0.00903320213622573 -0.00178324906835968 0.576065471337516
0 0.00258338434959475  0.0101944368352125   0.336242447255992 -0.804096959847758 0.00543181204137013 -0.0119967196795227 0.594352297293845
0 0.00998104284864163 0.00968202966697118   0.431804071002123 -0.785495624584312 0.0116465445809822 -0.0158544503097288 0.618554458526977
0 0.0162095930291515 0.0146983539947441  0.325677555674838 -0.790099430289646 0.00602272513866115 -0.0183134598059677 0.612675472193735
0 0.0212524768223364 0.0158944273376641  0.145618413311287 -0.80504812809342 -0.000775578214043232 -0.0172937327044018 0.592956859089144
0 0.0206619462225922  0.011653217081503 0.0280086256894102 -0.828301816964561 0.00459171878209534 -0.0077425934111737 0.560209843165133
0  0.0125212490078269 0.00818219765326504  0.0841996570170444 -0.83052998068822 -0.0118425818058337 -0.00493853429673253 0.556826108684926
0 0.0141046288015041 0.0148899846138637  0.152705963807903 -0.827378803063305 -0.0122670060239914 -0.0141992039388386 0.561330757586152
0 0.0145791986663697 0.0211753434220483   0.22715142838427 -0.820607895773939 -0.0100430735292332 -0.0171669140298618 0.571145441310921
0 0.0149458031431448 0.0270229065214821  0.301938956592201 -0.809544478567454 -0.00415129146165026 -0.02084475828789 0.586673674244949
0 0.0148738040913557 0.0283723934021043  0.397837406787482 -0.791909904149665 0.00248326018067175 -0.0270868602764706 0.610031834520876
0 0.0123540097666173 0.0253476552272631  0.462355740023662 -0.78378002192696 0.0114598729573614 -0.0242968907839449 0.620457258510373
0 0.0183396888255207  0.034922022875482   0.35452835961261 -0.793162175605971 0.0154232654216715 -0.0370977585325378 0.607683834229279
0 0.0272801062578855 0.0279275304800108   0.20110677406095 -0.81079841454199 -0.00350848361872295 -0.0300596247397364 0.584542590817297
0   0.0258437424733685 -0.00962583458727445    0.147112994460515 -0.838673545009002 -0.00601664772642795 0.00258793450206961 0.54459506740989
0  0.0206094476796834 -0.0286448582010361   0.155931207372278 -0.872069968655766 0.0165920869633618 -0.0113015773303847 0.488969269759129
0  0.0184239315431489 -0.0612310197019993   0.164547166292469 -0.899265360796144 0.0243355696349771 -0.0091290143891936 0.436630566977398
0 0.0491365841032566 -0.061162992189596   0.17649615616385 -0.895777533898 0.0140867416914137 -0.000558065572848633 0.444279036231684
0  0.0933321984299103 -0.0320266009735222   0.176241520753158 -0.899783271335214 0.00845928417145372 -0.000883606389255434 0.436254196972769
0   0.137156000754417 -0.0215463363572005   0.177091569492254 -0.901054066129776 0.0146700151111629 0.000630626466584565 0.433458144320643
0 0.192510024072958 -0.01054668879193  0.18054294588398 -0.898341719047634 0.0236709962355044 -0.00120223782468044 0.438657490965302
0    0.250204078238462 0.000212309868646399    0.183741915808015 -0.894779782178365 0.0354230299060569 -0.0052825913802675 0.44506903350539
0   0.303419092519285 0.00620757767327035   0.179032815846404 -0.899005575909964 0.0446862739097809 -0.01453438215313 0.435408845962369
0  0.353275134048287 0.0113852183210629  0.169643896887348 -0.903346313112411 0.0497101994099335 -0.0171569927946845 0.425675900491304
0   0.325637495400895 0.00120906659073375   0.170554139840475 -0.900561186711128 0.0488071577920932 -0.0120868296735349 0.431811670622906
0    0.280233975370885 -0.00870411934576659    0.170756733947815 -0.902409509137032 0.0430422667681289 -0.00777406302381494 0.428653712260402
0    0.22087552692803 -0.0189703133827043   0.173508855069952 -0.901462641199795 0.0364086669351475 -0.00236989958325942 0.431316472058581
0   0.154169211665425 -0.0305853698332765   0.180488465574405 -0.898230736881455 0.0278823808751999 0.00199427023101402 0.438634402486142
0  0.0810741408519086 -0.0421884212069318   0.186667097968099 -0.898381111411013 0.0206997415110027 0.00522694335848637 0.438697593365199
0  0.0314578969363336 -0.0493545165883867   0.186832678551756 -0.900205885937571 0.0149987551588331 0.00708208356912934 0.435148531376767
0 -0.0175838212724188 -0.0556536708109703   0.185968103586031 -0.899982204812745 0.0115094751180801 0.0075173321546654 0.435709826283701
0 -0.0665296459336416 -0.0624320611637331   0.184661938341194 -0.898800011386864 0.008610077180791 0.00911849838611796 0.438179482734069
0  -0.114234060597418 -0.0691783585109105   0.182851215581403 -0.897930530640208 0.00536308038580318 0.0103674757153315 0.439982403012055
0 -0.179839101641875 -0.079042923951035  0.176591880429724 -0.900251208867448 -0.00309695660127132 0.018008492298323 0.434987199808971
0  -0.230862840554429 -0.0866300003750198   0.169800045406795 -0.901960830355784 -0.0114878490634194 0.0286317375768646 0.430714422130408
0  -0.203478826927809 -0.0973398087766953   0.179114074718751 -0.896403033097783 -0.0125743081513409 0.0202438853459531 0.442598773307958
0  -0.143934539368271 -0.0958676370275404   0.183630343597645 -0.895631406668735 -0.0070019764230925 0.0128449368647887 0.444556366855423
0  -0.076018996121316 -0.0898529824974077   0.182842142220894 -0.89895109422644 0.000319281912210308 0.0117963665550177 0.437890024988292
0 -0.0269107636405389 -0.0842105545516114   0.181008117583653 -0.900689143100817 0.00332872788719505 0.0102072249135956 0.434331439836599
0  0.0212626221711235 -0.0775849335329675   0.179269262153206 -0.900328021531014 0.00376560929999855 0.0112170450791858 0.435051090944893
0  0.0668443249749054 -0.0701402867457587   0.178414902887024 -0.900042929123705 0.00526122374771196 0.0132303349285952 0.435568597923192
0   0.126678314357761 -0.0591314957571176   0.174125181796036 -0.901550320972067 0.0091111355810526 0.0118586084769876 0.432415748289277
0   0.177896513926329 -0.0453599216403671   0.160189795178447 -0.901959432216589 0.0170049470940523 0.00722934319648424 0.431425255411415
0   0.205810886032127 -0.0244696062319917   0.146128716709212 -0.888355937971389 0.0343894193540692 -0.0129252702782991 0.457683332333281
0     0.22160941068362 -0.00170175035956269     0.14631146254095 -0.870270002606247 0.0531010402962523 -0.031101560956551 0.488715760938036
0 0.245646043867771 0.032194848998424 0.146144490501598 -0.876226378043586 0.0767489849960342 -0.0376041992685448 0.474260320836636
0  0.265931853164941 0.0832881687886552  0.145839097783926 -0.883926969963217 0.0843183088995681 -0.0358873560455601 0.458558210298346
0 0.259607102680557 0.130612417004162 0.149698555443677 -0.885230157588317 0.0725469655079012 -0.0237029634150501 0.4588492948857
0 0.231047913391233 0.178274143581898 0.152562966424352 -0.880245757167095 0.0472638901034387 -0.0119762906032448 0.472006461973779
0 0.179109541881139 0.214619416011765 0.153025901622044 -0.879635691527184 0.0164772623951147 0.00715762240106069 0.475308655987895
0 0.129900885232045 0.224066664426091 0.151526386050993 -0.881507530255182 -0.00651010222796406 0.0271030533505469 0.471346493751113
0 0.0719868334168055  0.218176468897042  0.149614687522476 -0.88327763514533 -0.029651048489755 0.0460439553048934 0.465640836649249
0 0.00981223642888584   0.197119325853479   0.148196351752813 -0.883697126968984 -0.0531915765788403 0.0618446944658766 0.460896168062008
0 -0.0518401062209042   0.162492519760673   0.148626135907974 -0.882470083855484 -0.0698253355388649 0.0802120597828084 0.458188824702631
0 -0.10558095030496 0.118356562214792 0.149629567687118 -0.881785867277086 -0.0802260412803151 0.0967765665416011 0.454589664136026
0 -0.142639752867811 0.0694513426450739  0.147583445042211 -0.882952085247174 -0.0860574867529033 0.10126126368845 0.450262013285219
0   -0.162043833733325 -0.00521447753499552    0.138408037740541 -0.886235447366683 -0.0804135126390108 0.0955336299076621 0.446087126436637
0  -0.142500825115538 -0.0728213310672508   0.125321094666807 -0.894280680447777 -0.0548709462689114 0.0856338173432737 0.435795930637993
0 -0.110040682731757 -0.109774400533738  0.117805639177629 -0.898370565125892 -0.0264967926431484 0.070054746080941 0.432805476220608
0 -0.06487609194189 -0.13789218634162 0.113711036662284 -0.896999759702397 0.00875136492599088 0.0495094612358895 0.439162450528168
0 -0.011252564511213 -0.155686009951655   0.11247611542689 -0.892090566775493 0.043551401178173 0.0249228859618345 0.449061850841208
0 0.0462937400063956 -0.161359907923275  0.113156683967561 -0.887779779687244 0.0761672171670525 0.00124842285322069 0.453920763182162
0   0.10536542255734 -0.151867151581008  0.112898344619282 -0.885907697178521 0.102432673047946 -0.0176776938876294 0.452064816935489
0 0.164493121859718 -0.12662033812381 0.111930013324836 -0.884901323516106 0.117692568245174 -0.0337296603037883 0.449400063456927
0   0.221238368581049 -0.0872026104982541   0.111862020108042 -0.882598208545099 0.124275831558286 -0.047298003860083 0.450931057695443
0   0.270773825474174 -0.0382878415348771   0.112740294217429 -0.877970306843173 0.122488044051166 -0.0563037538819985 0.459341601278416
0  0.303391884793297 0.0146306312435124  0.114850487662215 -0.872963916588654 0.122407478662044 -0.0559058190791181 0.468854933742722
0  0.306098247913945 0.0866051151593611  0.117371784770454 -0.870070922047279 0.114808209881781 -0.0475473712818189 0.47700619811039
0 0.246522511454462 0.140141255242746 0.113558210175729 -0.870161904280612 0.0813943020651729 -0.0294075238461156 0.485106612479465
0 0.177036648276001 0.157707197028009 0.111307005592219 -0.870631367615373 0.0475495419852624 -0.00977080158220123 0.489535079659894
0 0.0960986342581258  0.158846732521146  0.108295910331348 -0.872622615098572 0.0114130641884016 0.0137087533223542 0.488069240647992
0 0.0172339330983886  0.147356102590684  0.105094382396502 -0.874716053236392 -0.019262146776616 0.0379090216220062 0.482766715911286
0 -0.0478409800945805   0.124445438489748   0.101959906019762 -0.875699168405523 -0.0449468510660775 0.0592244277246248 0.477098746795473
0 -0.101032048110994 0.0772742237496024 0.0979669568391237 -0.876177533680228 -0.0656815708728215 0.0745068127457983 0.47164350475351
0 -0.0748098400712325  0.0107986583943017  0.0907616532780885 -0.880409085458412 -0.0677448548353213 0.0727215638608452 0.463683136457707
0 -0.0282398796918931 -0.0180110310534472  0.0844330076543176 -0.882583142329908 -0.0567237632586073 0.0590583653158648 0.46297032414947
0  0.0303777112627707 -0.0420184752323846   0.076226918232671 -0.884032303052793 -0.0365542911197427 0.0365963097070424 0.464555035572465
0  0.0890849837131298 -0.0652947914531623  0.0685744985014504 -0.885687149843705 -0.0108504159045175 0.0160660748119847 0.463877594109232
0   0.136520136163935 -0.0933126658078797  0.0629680841018656 -0.888063615187777 0.0144618568250488 -0.0032494697149305 0.459481567664428
0  0.161953113721325  -0.14219968444417 0.0608072781493934 -0.88896979863636 0.0419626772548168 -0.017329114678912 0.455709921566871
0  0.128224880950138 -0.198299124826145 0.0720658234900146 -0.886286698833509 0.0518960442553252 -0.0167188884187119 0.459916478103899
0 0.0709465829914351 -0.260073755354805  0.087097295100685 -0.882471780700287 0.0461350528036405 -0.0193505735755678 0.467697197418124
0 0.0220465034362597 -0.304267181013818 0.0967472156134117 -0.882172132101687 0.040108426774115 -0.0210501248117208 0.468743571358883
0 0.0132813863753178 -0.242893793911635  0.093536840359202 -0.8800406894137 0.0286634399821006 -0.0301828323050326 0.47307059601998
0 0.0287178081100853 -0.184795568938998 0.0918742686392331 -0.885517169626181 0.0262945837069936 -0.0287471694528749 0.462970341829107
0 0.0451211519062208 -0.119160980722658 0.0944145231733586 -0.889648802724755 0.0164209243474315 -0.0219634064944719 0.455821203795023
0 0.0591841978027826 -0.049783443140955  0.101948120936634 -0.889518328054519 0.0023488841507091 -0.0148250085929748 0.456652872451886
0 0.0671723077026442 0.0193183673664254  0.109854551288483 -0.887371422915769 -0.0133152138372769 -0.00695543068390667 0.460810465220695
0 0.0672825532911648  0.078861708589353  0.115358343044368 -0.885009726492279 -0.0318822453989034 0.00172616365170101 0.464476400693763
0 0.0563237665573245  0.119028740339551   0.11811477551127 -0.880934415228543 -0.0490310371631636 0.0180359987935527 0.470345847444377
0 0.0230062649714853  0.132600603353704   0.11658284553407 -0.872716405392939 -0.0714959567535413 0.0425619564427524 0.481085110754519
0 -0.00908217210560145   0.0969271569712775    0.111767759323541 -0.866781240286513 -0.0892815807765298 0.050678801447909 0.488006905591736
0 -0.0255483516316168  0.0335206699651002   0.102936271829811 -0.868942024892215 -0.0993314144019716 0.0496234015359447 0.48229715478025
0 -0.0260592297321205 -0.0339475324630971  0.0875191550835969 -0.880227638009617 -0.0979285022284773 0.0458230141556346 0.462070952461839
0 -0.0126399934213325 -0.0742351019605354  0.0642695710377475 -0.890537259543856 -0.0964186269846724 0.0338062504679282 0.443287688937792
0  0.0156460449091674 -0.0407508520752652  0.0287315015638727 -0.884318775666608 -0.0971452160214612 0.0311300788607625 0.455602928214666
0  0.0274892789845204   0.013693961269676 0.00876012821504741 -0.869436271358132 -0.106039230228559 0.0470630691275874 0.480230485520958
0  0.0366715455495928  0.0657021671449145 -0.0217101052158166 -0.85173187939667 -0.107788122851788 0.0600507549922587 0.509242999967956
0  0.0438552217680281   0.105354279206436 -0.0544343997776306 -0.838109614956791 -0.107789955054046 0.0639446635204251 0.530909294431436
0  0.0468141093309335   0.131159648680781 -0.0727818316903521 -0.816558866094028 -0.107116047347358 0.0762950717768148 0.5620825852368
0  0.0472297123316582   0.153204568805045 -0.0846843676898456 -0.794299332879253 -0.0994778276781789 0.0810002111114979 0.593828003202861
0 0.0481028120996975  0.173143222839099 -0.104108229592636 -0.793366616527224 -0.0899875363876109 0.0691602607147653 0.598070659214193
0 0.0541378935408175  0.177388235105764 -0.117281292190771 -0.781553361629931 -0.0816809189323899 0.0706969320728519 0.614413959967384
0 0.0566214505671324  0.176702638705439 -0.118377869855976 -0.779557646141746 -0.0765521539812577 0.0769771121725018 0.616850199209137
0 0.0613030614932031  0.174940204427365 -0.118487442193853 -0.787586607641093 -0.0734997416007476 0.0701321204228716 0.607771839701388
0 0.0813268096600148  0.164102906104814 -0.118666714767864 -0.795068248393114 -0.0720271950451156 0.0611120451314734 0.599119254832364
0  0.102678756277881  0.152755268614206 -0.121931260023179 -0.79473256481175 -0.0805608556459277 0.0486616722784615 0.59961832911978
0  0.129175717876304  0.133343240830404 -0.113957495479848 -0.80344087576999 -0.0950841346048635 0.0291752960963656 0.587018371591627
0   0.148217680353017   0.111929512444892 -0.0852349833749582 -0.813019048012323 -0.101855830759337 0.0211150643850774 0.572869593682083
0   0.153365603179848   0.101837121557796 -0.0557220552277716 -0.814179943178795 -0.0974100073642413 0.0288179473488783 0.571657096956969
0   0.155358542357041  0.0966643287098853 -0.0277328245213676 -0.810104939836792 -0.0940709170929612 0.0352598947297888 0.577613528955963
0   0.145949549866852   0.116490441027507 -0.0104842243022387 -0.806950163522024 -0.0979350845738903 0.0394842112065754 0.581103389997579
0  0.137341268339907  0.129839627765668 0.0263558618074005 -0.800394805138936 -0.0968797463783699 0.0428076735374106 0.590042349102657
0  0.127617733909865   0.14300018205301 0.0753390679064144 -0.796457729053194 -0.0957635592726017 0.0456270616091377 0.595317224507898
0 0.117493530992107 0.154799461357655 0.126508683943301 -0.794447456834351 -0.0931215250909338 0.0507118385984525 0.598004957604982
0 0.108089330992602 0.165340499517808 0.174631360733752 -0.794186872403556 -0.0877172194212843 0.059535564349661 0.598354759065576
0 0.100334688361366 0.184626750455011 0.238129723173333 -0.793833416141656 -0.0834870700889804 0.0668233519974258 0.59865938243099
0 0.145259498554684 0.201123168011765 0.234285854524205 -0.791215058407432 -0.101513283703879 0.0531250884711401 0.600709172192263
0 0.191832351311047 0.172775420056763 0.232196540651132 -0.794332945859628 -0.10276690984678 0.0537204553758084 0.596312205171692
0 0.253449034321898 0.142551052530672  0.26733060426059 -0.813273414964375 -0.0717264299614326 0.0320333078253493 0.576554888060918
0 0.301640666622861 0.184974361117368 0.312251179416318 -0.798627353752988 -0.0433883138090492 0.02421328411381 0.599771223830162
0 0.353141892411477 0.222941323414017 0.378445570545018 -0.79859247621556 -0.0388215943456909 0.0340215516633469 0.599654462809022
0 0.473373738779598 0.269667421533135 0.399645702178821 -0.812714782646442 -0.0283933203769096 0.00307813475252036 0.581961361700556
0 0.556882638040575 0.328233920206484 0.429646404046153 -0.807273626413203 -0.000364074838233104 -0.0066072910749454 0.59014024032584
0 0.678624066822383 0.412970595421055 0.389281797859853 -0.813108554930468 0.0504497551756335 -0.0359394405821691 0.578807098014741
0  0.78677712032608 0.495025582239687 0.335857114645487 -0.814109927487759 0.091017392637321 -0.0675577160704607 0.569540881063618
0 0.876619278203351 0.578180719163477 0.331430061719155 -0.800302338743433 0.105996684052503 -0.0812849904410431 0.584528544983618
0  1.01111558058234 0.703380296319398 0.371823680162381 -0.797654131517578 0.108652667560364 -0.0885768664401924 0.586597496616369
0  1.15392675272439 0.849453220237448 0.431175660953484 -0.801890391765502 0.0985323590364479 -0.0862260352985461 0.582947891885352
0  1.34147857045492  1.07767469563236 0.424753867058856 -0.797313135660682 0.0961535188305723 -0.0793490550572171 0.590550583761422
0 1.51284709382751 1.29821112818333 0.36753165865824 -0.79942868901439 0.0870973495166392 -0.0825331351125336 0.588656185303787
0 1.63756607040054 1.51372755012286 0.37543016581396 -0.796530210485219 0.086087740695052 -0.0879981614785292 0.591933145095621
0  1.70741245757935  1.73156693030328 0.302006903167247 -0.812352464653083 0.0550546306378412 -0.0398845574997949 0.579190541091995
0  1.73665089581378  1.80665439382766 0.302892638613574 -0.807898430996691 0.0196431221144929 -0.0331525251664621 0.588060526665213
0  1.80393185208825  2.02208194350351 0.293928272695254 -0.811061415656108 -0.00883040764292239 -0.0115048860671365 0.584781191157302
0  1.87731201502058  2.30382922866223 0.250273372661016 -0.815054920117845 0.00330743587647676 -0.00995093226117393 0.579288802763138
0  1.99868106795429  2.67868268960541 0.287661900326887 -0.809258875656699 0.00483199490270751 -0.0125547689831472 0.587298137041056
0  2.11508935579397  2.98594146039712 0.297906533159769 -0.800873100906634 -0.0168924926088899 -0.0130557092255309 0.59845339701122
0 2.20583056218409 3.26698880816258  0.3277164365972 -0.808004686435372 -0.0375591691186885 -0.00173973944933651 0.587975092006658
0  2.27694105079021   3.5628607924429 0.335199974510779 -0.812620069222559 -0.0330154017315233 0.0143583891906467 0.581680705374589
0  2.35141338888431  3.83995599318273 0.421802117264291 -0.806253613885853 -0.0204497663624588 0.0264028049125525 0.59062662405658
0  2.44958388991608  4.08816799812616 0.517493781013475 -0.811143323060157 -0.0307198587000857 0.0083901482301526 0.583979798579581
0  2.51807788398731  4.25874159595728 0.601627462749038 -0.794616209956517 -0.0349033651787537 0.00219286983285049 0.606103972347513
0 2.61169883395697 4.48535189435231 0.67949284892514 -0.786973429949279 -0.0464541837984827 -0.0149998032977857 0.615052709336778
0  2.67327803697735  4.73038998990139 0.666131752307971 -0.798501465069068 -0.0409808707341442 0.00168104920519897 0.600593999795197
0  2.68266827674987  4.95952843395239 0.668859330852321 -0.809223794467325 -0.0431900851127656 0.00851648316771966 0.585848902474274
0  2.67476819476399  5.20604072027098 0.773457468101986 -0.798583969488127 -0.0456459348575185 0.0113703844729908 0.600042337393376
0  2.67078504852853  5.32164818336098 0.743426330772698 -0.809143622500909 -0.040457316360396 0.0208970935424025 0.5858439341672
0  2.69678345162389  5.57748519507074 0.713824415443705 -0.812715771131786 -0.0448621079185092 0.0170510596634991 0.5806804009015
0  2.73972820915205  5.82614452603633 0.764823319730817 -0.809479147094567 -0.0291208081860656 0.0420189588406678 0.584918708922522
0  2.83955250015938  6.09838328108563 0.694670837593037 -0.807529397064566 -0.0505916941403897 0.0106779216744608 0.587556580551403
0  2.93303020140174  6.37224707478635 0.631660723238464 -0.797470007620773 -0.0493813123405852 0.0157966576966831 0.601126890550123
0  3.03522054003836  6.66445414947688 0.662053676990673 -0.795522912044919 -0.0743511349260763 0.0275292717431148 0.600714028755838
0  3.13609668190828   6.9243960983867 0.645632306661063 -0.797810129230911 -0.0866302884069344 0.0331610334945732 0.595730254968355
0  3.20939104800589  7.13559642410535 0.629353031693826 -0.797133505577883 -0.079359099484986 0.0388777187635548 0.597301289633456
0  3.29807348397261  7.33837226679575 0.612114010704992 -0.795872140594318 -0.0763917248756687 0.0311178729216401 0.599819571355563
0  3.37063767429149  7.44887923117805 0.666679440110114 -0.79442325630821 -0.0400970317927053 0.00839896739685044 0.605981332406157
0 3.43835588191974 7.51803137731405 0.60954162989289 -0.811572628422224 -0.0262927910619391 0.00220032724042062 0.583655477567076
0  3.53620303036161  7.65158225888559 0.626904982459818 -0.813785982237233 -0.0279562474451828 0.00604886197548222 0.580460364376214
0  3.61709150127635  7.80812925459986 0.704060925852298 -0.824356923415947 -0.0344012426352179 0.00282322094137437 0.565017032260854
0   3.6977601158312  8.07813824163323 0.687928859726386 -0.79901011940227 -0.0139771716459342 0.030320254276646 0.600389998206291
0 3.86872221361187 8.33843760007388 0.53428543598549 -0.799583656813002 -0.0307542724486939 0.00032896276637795 0.599766656515013
0  3.96822090166421   8.4641451138074 0.464511717486738 -0.828753373207131 -0.0274393677991941 0.000848553085024875 0.558940253918291
0  4.11356984680063  8.76133433850999 0.434255015468811 -0.819571740988129 -0.027000587562086 -0.00221359566435252 0.572335766521039
0  4.22724849149853  9.08761284426828 0.428927632039615 -0.815566291918696 -0.0236352238015816 0.000574147548624159 0.578180482234076
0  4.31499003461967  9.33926780873166 0.488780349325467 -0.805165946659999 0.0147967049968154 -0.00695261573882997 0.592824187255153
0  4.40274417804113  9.54073014169247 0.520885806209813 -0.794045428023361 0.065236128303642 -0.0315223394402696 0.603525018466809
0  4.52885286216665  9.76183643333043 0.553641837584674 -0.784368458170104 0.0963499443591836 -0.0733073000330928 0.608365720444285
0  4.69886031446213  10.0069123552346 0.660668282070159 -0.786626287558877 0.111606952667767 -0.0879992300816753 0.600848655938071
0  4.88635668590792  10.2360894571614 0.728918492453948 -0.791152558298873 0.11024763999138 -0.0832193232939394 0.595816776873543
0  5.10828476497352  10.4308587096926 0.767322813716579 -0.785278336684218 0.114088818184472 -0.0823183921231844 0.602947226395472
0   5.2754094045169  10.5161630491825 0.754334435515201 -0.779139384047986 0.156796510693899 -0.11396202843757 0.596128619120016
0   5.4191043974701  10.5639421953684 0.701502871892009 -0.7658121272003 0.213136584625832 -0.152282972954037 0.587294200784638
0  5.58611345795895  10.5871319804117 0.629404901264209 -0.752115322278699 0.268199813442939 -0.191128914624848 0.57084248270176
0  5.82115694796294  10.5908396702307 0.665772743084844 -0.754343203328031 0.282252042767684 -0.203396724463612 0.556713470668483
0  6.04242533332333  10.5927325777435 0.852481336283203 -0.750659279533408 0.269632743225788 -0.199362300457661 0.569265757785545
0 6.23544894613001 10.5521815293584 1.01509964552251 -0.735614350029164 0.289246319184527 -0.217990744410971 0.572440503651274
0 6.35547300689739 10.4730768157092 1.01760611297651 -0.716491236815164 0.343564553269594 -0.252083421493973 0.552320245791907
0  6.43464110675351  10.3862441992206 0.967189585081506 -0.701398274891038 0.395974708831981 -0.280136782158224 0.522271838439848
0  6.52174661242368  10.2533301501653 0.965849490898934 -0.684469035734052 0.405121994104642 -0.298391106596322 0.527580379201309
0 6.54832386334841 10.0823693821236 1.02901238529615 -0.691734856862536 0.395383236169538 -0.288892542387709 0.530769331546422
0  6.55195722182295  9.91341574672837 0.988935329884267 -0.661710373638536 0.436511825022238 -0.301774027273786 0.529650115168367
0  6.54725658837387  9.79831465896232 0.940551109180578 -0.641577222822097 0.482579774859111 -0.336599303056205 0.492134470683463
0  6.53100898577729  9.67644221232102 0.879201070459944 -0.618421832375154 0.53317817223206 -0.35770199462975 0.453127749023314
0  6.53031006988649  9.47083261449319 0.832253997438432 -0.60428272718901 0.568592959192104 -0.367698616354783 0.419931137103403
0  6.62042011801724  9.23030882056404 0.842625444368826 -0.596354738754501 0.550341560908453 -0.385643904494441 0.439048938989926
0  6.71378427526452  9.02280443706904 0.874224982354875 -0.600150525227204 0.532626479914111 -0.387186922182445 0.454108651376187
0  6.74389068488471  8.84020463459624 0.859649293572424 -0.595413627492265 0.536046713366229 -0.383704438927978 0.459246596974579
0 6.71565698467798  8.6645629577808 0.86839183009511 -0.56612027832002 0.575488668508775 -0.409709465483284 0.424804398266146
0  6.65777080556246   8.4841954225022 0.892685756313417 -0.536351032024222 0.606933577080124 -0.427432846615633 0.401572365948324
0  6.56779340102376  8.32748200421226 0.838319430588747 -0.510216423772326 0.613686920452286 -0.443654311954533 0.407723455374986
0 6.43203046498784 8.20332435405806 0.79720922409671 -0.48851280701118 0.656172269065886 -0.437840364388278 0.37294638489644
0  6.31779759343744  8.07783463700815 0.705666635128762 -0.452836728539189 0.685599449303583 -0.451929950132077 0.347349409923446
0  6.16231903594835  7.84578667960366 0.717875372427923 -0.447160182368179 0.694231021759371 -0.458628612057442 0.32825425501227
0  6.06828740272507  7.65006212116715 0.744731212725806 -0.442984068375554 0.672864224637972 -0.481759588255413 0.344857288587263
0 5.88662730568665 7.43080693083188 0.69134759405257 -0.441661545688973 0.676253366625212 -0.470101112426383 0.355839018775583
0  5.69799276332098  7.24714070082184 0.643388526546731 -0.445494594202646 0.688248099666711 -0.453675965894909 0.349323972568021
0  5.51055579272948  7.01939730227489 0.567409858392659 -0.437043691916741 0.700607886396493 -0.445915369695801 0.345399600381762
0  5.38297133972037  6.81870318563451 0.550368757400984 -0.445992842092956 0.694825953737126 -0.459746178973962 0.327017934881228
0  5.31425930042482  6.69594791864498 0.530881935380942 -0.449137481847077 0.694101689605378 -0.462682964291822 0.320035687761785
0  5.23566957511659  6.53653545338425 0.495755549294321 -0.45496311861878 0.689802300202113 -0.469997682624125 0.310295867939778
0  5.16306513552453  6.35770930797042 0.440307695066094 -0.453614765615684 0.680999488199269 -0.483703393334733 0.310651523035422
0  5.12739402849089  6.26715448137964 0.399946757111791 -0.444760345498816 0.679878988522732 -0.485654497627849 0.322633700922458
0  5.04935702708094  6.11539205299498 0.303154316435444 -0.442705675582134 0.681171627510698 -0.483340565116164 0.326188284269961
0  4.95157937892077  5.97556303306405 0.237027748100872 -0.445806799957378 0.683920738089555 -0.481032013260513 0.319557386616767
0  4.85018305281276  5.86686996096828 0.106633926442203 -0.44756361481185 0.69406816252122 -0.472042256238681 0.30843525219414
0   4.81341742619586   5.82898732814027 0.0238689094235607 -0.451270690128613 0.699608704490366 -0.4647070248183 0.301578855221451
0    4.8350466962134   5.75596447980234 -0.109007478247639 -0.45075068794679 0.686957715203015 -0.482620602285832 0.303298976404159
0   4.86406141309399    5.7447937779207 -0.169343926607115 -0.452497585079038 0.676551859833876 -0.496722252394 0.301314653526166
0   4.91727026971821   5.76295443894961 -0.285161268972814 -0.443396822635705 0.679398552946188 -0.492758484539558 0.31465209334353
0   4.98577144713839   5.88032865590511 -0.434543853810695 -0.438644768284537 0.68369702052454 -0.484914061674258 0.324048613903911
0    4.9831644799543   6.03071708831666 -0.399331869457987 -0.432869244476461 0.682831274957371 -0.483333935542028 0.335788585094736
0    4.9118802230523   6.19761912799547 -0.399882933765017 -0.440488199753365 0.697100108544238 -0.467245255161887 0.318909793004784
0     4.863384946076   6.33354486599278 -0.487788395811473 -0.427097275704521 0.71608547865723 -0.441292777623714 0.331768275697316
0   4.89078272127117   6.33528520683734 -0.611078592284914 -0.461158983777487 0.707858994879082 -0.4539331867845 0.283218461590623
0   5.11058441309935   6.37412102349395 -0.688880562806664 -0.469543556896286 0.676025316224724 -0.49188647290491 0.283842064841725
0  5.28697267312397  6.46610097814099 -0.69136642408488 -0.457150057881153 0.672032326746032 -0.491399639773885 0.312910163493725
0   5.45971981425537   6.59459410403314 -0.756530294638505 -0.453642853823975 0.669519482739493 -0.485282543932961 0.332344213069274
0   5.61400754717754   6.74095386178605 -0.800700668739843 -0.461698221155605 0.667446004199504 -0.4784675245785 0.335290041581297
0   5.72688301784844   6.86453456622188 -0.803799885865014 -0.46816764144646 0.671927040960594 -0.466245217288989 0.334587071602511
0   5.83488113624613   6.99219841295942 -0.776316479629415 -0.466142134446094 0.676875883445809 -0.45565781965974 0.341945171462367
0   5.94520736466794     7.111408675416 -0.741587389335103 -0.464994000769112 0.672956985764472 -0.461349501548183 0.343607496979875
0  6.05008626754152  7.22640342825953 -0.70793094057207 -0.474090803504755 0.669409341123439 -0.469389254302949 0.326806933821517
0   6.15899826968467   7.35221415419738 -0.664925670864308 -0.464800096620979 0.667958151120357 -0.475338192902323 0.334434419432806
0   6.26289027397659   7.48591855098785 -0.624526619210432 -0.449432728812669 0.676903574101439 -0.464881409732219 0.351705911986249
0   6.35339563226167   7.61074543687534 -0.610859724878365 -0.451914238965802 0.672623830383197 -0.471897937073624 0.34736585958648
0   6.44478998470893    7.7637484322156 -0.614494995663453 -0.448828284791976 0.675574227596572 -0.464513823239471 0.355499003933115
0   6.50988650265223   7.89854637311133 -0.587689476815665 -0.466773632377018 0.67673322562082 -0.458273811635807 0.337845572750619
0   6.57861196117318    8.0258492645491 -0.557232590709983 -0.463985367258974 0.693737603840843 -0.428623434011152 0.346016860576486
0   6.68257266385584   8.13820757798645 -0.561227390333352 -0.467222785902653 0.665594340909322 -0.469411151485142 0.344006122829584
0   6.79067648582002   8.27662682741113 -0.594304741194753 -0.472442885709572 0.677289129658276 -0.449517035879944 0.340604740194343
0   6.92991723134248    8.4176884652389 -0.580225295607443 -0.467391332962141 0.680223719642779 -0.448108727539125 0.343568917992418
0   7.09578261768451   8.53351715193057 -0.646242294062652 -0.46799066540512 0.679521434503545 -0.459819801068588 0.328330790041328
0    7.2631876420339   8.64966578375068 -0.729991159436775 -0.468177217353189 0.674107485538006 -0.474781252925021 0.317760842401954
0   7.42152418769638   8.78969045693453 -0.750436097334932 -0.458194147648902 0.669272695650201 -0.483005117474817 0.329906408562409
0   7.56572075727804   8.96842016186925 -0.756385556006135 -0.453162488648649 0.671075443551862 -0.482513794712969 0.33388912209763
0    7.6584455811917   9.13999439624198 -0.790554268477139 -0.44656494871665 0.660559264983514 -0.495601952406982 0.344412410915349
0   7.71074316905283   9.33378493847074 -0.797130609720952 -0.428692549807813 0.671154999449409 -0.475021975371907 0.374336462780626
0   7.68499429585551   9.55320640153912 -0.746088329288918 -0.415552592728208 0.682699602148188 -0.441814214307625 0.407476988232841
0   7.50317787358969   9.61292527005691 -0.705514100351872 -0.441749012370393 0.664190286987384 -0.404650255116462 0.447176971428071
0   7.34886208554423    9.5309012441711 -0.663255396149314 -0.46978245203101 0.639600881959579 -0.382823723220494 0.472928278388869
0   7.21185729501826   9.41946319120647 -0.634768716816843 -0.48766287965462 0.615315741456598 -0.359435676029466 0.504358452809033
0   7.05354191262751   9.25163727140015 -0.594744648012426 -0.522421925164833 0.580850063272309 -0.34744697308133 0.518622345257361
0   6.88112976983108   9.03152611804399 -0.545876243634506 -0.564361283942611 0.553182070300339 -0.340758122303548 0.509283654134941
0   6.70307556461146    8.7796286654256 -0.500217778308551 -0.615472639628148 0.523434092508086 -0.346767918513773 0.476405490479509
0   6.52997149035954    8.5251682992479 -0.462728991775229 -0.649859045689155 0.507873234028866 -0.332896123520625 0.457086610871487
0   6.32598668850475   8.20093742169626 -0.429418299509972 -0.67230100349135 0.502776306144541 -0.317078465475628 0.441235303909144
0   6.1437247597686  7.83372437300448 -0.37779882750171 -0.690546267828148 0.504979557365808 -0.312865990393116 0.412621340561274
0   6.05793965313957   7.49582167802973 -0.258589696300598 -0.693166927475205 0.488691622248224 -0.345685460513477 0.401499279437173
0   6.05421434342001   7.32281961414963 -0.207168125286902 -0.662411648863672 0.474568573938198 -0.369622266560314 0.446514116398119
0   6.03871156590492   7.15547470284764 -0.306659712235879 -0.674668974878804 0.463348659055858 -0.335533870836974 0.46641914198313
0   6.07153032555608   7.11978191345128 -0.303263519787144 -0.712413166937554 0.441679348714214 -0.301924405692608 0.45412386607682
0   6.21091484210868   7.24811578717397 -0.304928010381674 -0.695377936246319 0.420452496042611 -0.320740711066461 0.486615475111437
0   6.31478414701934   7.45526191624131 -0.323859289900561 -0.685358498011766 0.431386023727575 -0.304681862996425 0.501356948786586
0   6.39131943524055    7.6533399390224 -0.424324151839997 -0.69106047664422 0.414766168359483 -0.276040459231717 0.52364693073845
0   6.49418728916494   7.81500152185447 -0.541069827291258 -0.721108114723271 0.415252293331646 -0.248792043264674 0.495652235918741
0   6.72461529231366   8.03301502104994 -0.541919217490051 -0.725464388490436 0.383767080797359 -0.28472349757305 0.495335016588006
0  6.90316245559699  8.26786516904997 -0.54225640248726 -0.723079795151812 0.345173608033359 -0.284721684981315 0.526255025877994
0   6.99206907657679   8.44271266054924 -0.568498448491598 -0.723599094631362 0.338356930300271 -0.232319828301041 0.55492921651741
0   7.11906951035182   8.67703507034615 -0.652142609721869 -0.759016436013435 0.275523480752446 -0.212139749669751 0.550433999699851
0   7.20482906768782   8.87690642438516 -0.716306528117661 -0.783002402637872 0.212861978029707 -0.196698942433038 0.550369459380084
0   7.27166980526436    9.1535969858384 -0.716655693202657 -0.78483647313558 0.192394481261641 -0.145305761524484 0.570878541971897
0    7.3764456740698   9.56437240862292 -0.747791207596338 -0.784112061966347 0.17186796118571 -0.149120852880689 0.577401636153628
0   7.41231321021976   9.86152896574644 -0.784330756591761 -0.770596890448116 0.137082077467859 -0.126840316629999 0.609344295571882
0   7.39662247430237   10.0197828609772 -0.762903072064402 -0.786804164505941 0.108138669032035 -0.071436661367958 0.603441826847201
0    7.3941594346049   10.1419983846882 -0.731747602974094 -0.801249326076813 0.0597740261610148 -0.0313631219193535 0.594510670923094
0     7.429940161337   10.2974826571562 -0.715080053775873 -0.803503223397545 -0.000529827696737405 -0.01334895270565 0.595150480747541
0     7.455792541519    10.396022340907 -0.670312945727414 -0.801813009717746 -0.0525473709474714 0.00893332873707946 0.59519313410989
0 7.46541602596396 10.5029772587083 -0.6571543730795 -0.794229725965896 -0.133137345587335 0.0178605710830681 0.592582981195615
0   7.41811010069624   10.5746676371585 -0.674474704779936 -0.78201606279984 -0.163591168494093 0.0773877299301672 0.596405857088971
0   7.35976467015245   10.6183942076504 -0.672953085755637 -0.770804172356373 -0.206313949228698 0.128074523692571 0.588975719883754
0   7.30861262254875   10.6523697642328 -0.601043863618445 -0.760487085659959 -0.244539916448523 0.148860016252297 0.582838157097781
0   7.26762454798739   10.6308100673379 -0.448018413709347 -0.746234735668083 -0.263415824353689 0.12073093456411 0.599307820908196
0   7.13674317312941   10.4547994515364 -0.373848390980189 -0.756564275791693 -0.260067958357067 0.103977378402179 0.590900887131158
0   7.01060221753164    10.299322831275 -0.372750289504884 -0.77735706093646 -0.231836072328734 0.140579965553418 0.567631314027349
0   6.80212841010671   10.0914567698125 -0.424564042848969 -0.772062504489294 -0.239650341054688 0.129758954536898 0.574151388495736
0   6.57851603278485   9.89705666204612 -0.425813451971711 -0.76356988728442 -0.243753905555445 0.134294596109232 0.582674885519175
0   6.37841113195536   9.70049614340942 -0.418772549751489 -0.762066499543334 -0.24440600937491 0.143007424036059 0.582296513406848
0   6.21370010873405   9.51263032696152 -0.392146667477546 -0.776073363748938 -0.24431148491389 0.143745581095666 0.563346465626659
0   6.02198082377206   9.31356838475929 -0.405705911573827 -0.763638734172771 -0.239229598059641 0.141399278171536 0.582778969435067
0   5.83641370314087   9.09423431944595 -0.386062721670497 -0.760371150280295 -0.241086809295232 0.131989697899479 0.588465448309134
0  5.65005160790707  8.84155398227961 -0.40779940600561 -0.76407768032074 -0.23979272583554 0.143070372056327 0.581563079735727
0   5.47279278911726   8.57791756102097 -0.473545931280999 -0.770963847506536 -0.243230640630657 0.145271582538213 0.57039439741565
0   5.27761886577211    8.2910295774349 -0.463193530854005 -0.766739353308523 -0.247073483378214 0.15142762765685 0.572830805283377
0   5.08442674322125   7.98034929266894 -0.423826140916039 -0.760337778396775 -0.245295373864479 0.164580843708281 0.578471942437672
0   4.95750594121102   7.66711255995098 -0.488698263665239 -0.759533648720643 -0.254202324012503 0.148575094356411 0.580013151803244
0   4.84413733231357   7.32641126399026 -0.482395804559246 -0.767433067008509 -0.249014917339099 0.139184335483069 0.574165289233555
0   4.70580474092944   6.98134097761047 -0.552736015413423 -0.766911044202025 -0.246495752546594 0.140455458228698 0.575638392144942
0   4.55914329281152   6.63860362164483 -0.572801377097325 -0.77495823373318 -0.241452620332017 0.14705643677776 0.565256377678468
0   4.41477699213866   6.35172762047636 -0.603434666913635 -0.771759058069487 -0.242279168091803 0.149859737432503 0.568533921673196
0   4.28380201079961   6.10746544667748 -0.576805796451191 -0.767048020299732 -0.242831431883321 0.152778668307889 0.573871857433197
0   4.1918105898387  5.90620908931848 -0.63468025746632 -0.764227362371682 -0.241940003994738 0.158637974234879 0.576416139781063
0   4.13749789275826   5.73602650144442 -0.759794052282136 -0.762615518402017 -0.250463991569195 0.147570698042033 0.577847946348376
0   4.08628381961104   5.55595689744959 -0.851314921538241 -0.764781298569828 -0.248801149168543 0.150884860932728 0.574840249348957
0   4.03811109768075   5.39938267498311 -0.950380481422734 -0.762805469018166 -0.260623674261601 0.136577893421946 0.575803435105057
0  3.97612641201654  5.25790269550317 -1.01690852449414 -0.764805894359807 -0.267416031900148 0.149580254373566 0.56673305650616
0  3.89930975466101  5.11741401979406 -1.03367985485516 -0.766900059130731 -0.275026498966896 0.165528515965012 0.555720284472066
0   3.79627989832052   4.97611154694789 -0.989374523762319 -0.766615355374559 -0.281764092868548 0.172180374680454 0.550693936273863
0   3.70549051635925   4.88472652013892 -0.929690376089414 -0.77881819301535 -0.274629655828824 0.182157995665075 0.533703324875281
0   3.55797021630903   4.84871677097767 -0.874353185458708 -0.777173405843585 -0.27241274901116 0.174363214936829 0.539805762013113
0   3.43077786285488   4.92727830824321 -0.798434161284915 -0.776001838862605 -0.261807199473282 0.18716950032059 0.542444204075916
0   3.36193310310793   5.07364684339495 -0.823507673376398 -0.758346014953763 -0.231050711355549 0.232073826434369 0.563620998074018
0  3.39662566436659  5.18493309866146 -0.82948450603022 -0.739263067298365 -0.236364655765948 0.227930671377857 0.587936625733163
0   3.46632553064512    5.2620895794582 -0.816986305242059 -0.731640357050539 -0.256145621937683 0.202562673052002 0.598381292975596
0   3.55875395620244   5.32144395283049 -0.786978242288659 -0.745036649203178 -0.267648942755124 0.193122120308879 0.579644961535566
0    3.6626021666341    5.3725408065172 -0.735990161199371 -0.75065557876006 -0.276797184125138 0.185552417990975 0.570499624114247
0   3.77012328817836   5.42095471283405 -0.685642958708576 -0.751128247512559 -0.28657179040399 0.173869169421796 0.568728825239181
0   3.90995402212497   5.47821880055657 -0.635494160360681 -0.748132810975486 -0.280325994109461 0.183734936167282 0.572674521347044
0    4.0894490729687   5.53911069222459 -0.573895387552207 -0.748923854275931 -0.284518740284884 0.174611073241273 0.572427392797303
0   4.26686423590024   5.58030739621389 -0.466670460221776 -0.751709145399577 -0.285287499802017 0.169132474791194 0.570033866669656
0   4.43435733797498   5.60679655621128 -0.327004965503986 -0.754732603246945 -0.288496504132345 0.158696685603366 0.567418563917336
0   4.61745503902409   5.62138320894581 -0.170848344969772 -0.757839764651741 -0.294607546753946 0.148143661846041 0.562973125435897
0    4.74518961855947    5.62507274588291 -0.0685743709948863 -0.780167268640901 -0.288523790366826 0.163466067045716 0.530445002105177
0    4.77099397146577    5.73135262415248 -0.0254482356082355 -0.758800821086258 -0.28462959191612 0.175058619030312 0.559072257608696
0   4.77061585539836   5.85847405110944 0.0114888651083289 -0.75639995693701 -0.285545017397399 0.176695979204675 0.561339183665375
0    4.77048649054156    5.98396551930434 0.00616253468209038 -0.760069607338772 -0.273333917291032 0.187676951956939 0.558891870903825
0    4.80278691111578    6.12428491189465 0.00524723788817649 -0.758233853102787 -0.276426757158206 0.169608517017181 0.565599348382874
0   4.83208206695121    6.2362571977445 0.0174850730439022 -0.759487960478379 -0.274655142692024 0.163474136412396 0.566585207365528
0    4.82898286255719    6.32101287912334 -0.0550360015774745 -0.751748724247389 -0.268734247334034 0.165039303606753 0.579152646689308
0    4.78058359718064     6.2334580283264 -0.0498723536520131 -0.761091374967328 -0.274087449968203 0.149605234281695 0.568536949191333
0   4.71113205322609   6.13707580941307 0.0198114835414858 -0.772861353634995 -0.239917092137522 0.126100047493131 0.573780354299438
0   4.61970184571349   6.03716646329107 0.0359972540068307 -0.783282401094311 -0.197986241694793 0.104456196097623 0.579964681107666
0     4.49381753081547     5.92037598625162 -0.00212685035733706 -0.791898589812859 -0.158198942336337 0.0787448393412613 0.584524566098969
0    4.39651838164634     5.8442863398005 -0.0556156871923887 -0.800820398388648 -0.10733065424376 0.0462065965754069 0.587394050546284
0   4.29403409198542   5.77771557216706 -0.124672622893229 -0.807189468476192 -0.04301836736917 0.0105770348362146 0.588627818221402
0   4.19250753215882   5.72068444431823 -0.160127823706619 -0.807019746808948 0.0253083268245045 -0.0184267965294265 0.589694047810752
0   4.11143793951173   5.67123377291476 -0.156191570960677 -0.805166700096212 0.0973948204585835 -0.0468491350823889 0.583117477482924
0    4.0607456375404   5.62523693507763 -0.160960475294575 -0.794743517639315 0.164845487584213 -0.0874956871890777 0.577540657544317
0   4.05137211321503   5.56911989979124 -0.238825410731872 -0.782233628070018 0.190754379442419 -0.11874351513705 0.581053608071451
0    4.1232287073899   5.49831508563494 -0.399596733241143 -0.770975971022953 0.218352803833027 -0.144845966736843 0.580463393405252
0    4.2366804423258   5.38993172260464 -0.535934189506454 -0.778274182737946 0.238972632056541 -0.162312347610518 0.55752675220541
0  4.38009085884222  5.32166618939658 -0.49953408427959 -0.774125730272266 0.22097539083911 -0.161377399491683 0.57083847567174
0   4.52670223023136   5.28713737143532 -0.519967280969583 -0.758881581589422 0.26978267075353 -0.18576011935865 0.562858093786783
0   4.64504987317881   5.25959289158508 -0.618780549132767 -0.748404724824941 0.313878535001523 -0.218449442243738 0.541895261382125
0   4.81508476685315   5.27143490548338 -0.842788001872897 -0.753432658851876 0.321038016330072 -0.228328176445878 0.526440941119842
0   5.01487448836658    5.3531402870526 -0.948073564163241 -0.734859238148154 0.324364391870044 -0.216846552570072 0.554749685924712
0    5.2261673105433   5.39399129286643 -0.945988996708738 -0.7392131713387 0.316192880365769 -0.219993820949819 0.552438836858235
0  5.43664456219672  5.42975641274606 -1.01521907737737 -0.753030991638503 0.310719428037613 -0.216778202058868 0.537963729059903
0  5.68188849873301  5.53016974695679 -1.04291970034561 -0.771221278345135 0.309182721782774 -0.211185156095265 0.514805413941724
0   5.8650440870897   5.6708793095559 -1.09277747504158 -0.758150595715837 0.298101981467449 -0.223025086823577 0.535352868217065
0  6.01834667667556  5.81969966572169 -1.10500550648764 -0.757966040182151 0.298969546475243 -0.221755023835344 0.535657914731747
0  6.16808822917879  5.98972649263738 -1.13424511957937 -0.758398451521512 0.30121580573265 -0.220279991765452 0.534394566153527
0   6.2899348690965  6.14066025739362 -1.15445378594271 -0.747159962864546 0.305184544648533 -0.212952900836534 0.550695420014751
0  6.44704388832376  6.31759747680227 -1.15114548877099 -0.739835206568178 0.306719048898346 -0.204850582361988 0.562675333625947
0  6.60776138432611  6.47207078956482 -1.18847818740224 -0.751537910907664 0.291467072998199 -0.222225751830276 0.548501074793729
0   6.7553304121845  6.62982513866694 -1.21105577339378 -0.757095972656666 0.29043157495831 -0.224221854084253 0.540536537715364
0   6.8943888899176  6.80525878377717 -1.19494654451477 -0.759940291337065 0.29647799732584 -0.22288800555418 0.533771943515464
0  7.05861272129331  7.03990415733779 -1.15466785948394 -0.753246007341121 0.301420216167882 -0.23014538959408 0.537400600444916
0  7.20991011024825  7.29666088609122 -1.06511237845487 -0.753596547388811 0.307014038452286 -0.231092791216206 0.533320490704028
0   7.33203903963664   7.52799524009372 -0.993351436382364 -0.752084493633084 0.317995678793108 -0.214373505687186 0.535995954056526
0  7.52634428846274  7.86294749738619 -1.01185176643638 -0.749222092907734 0.305263072484423 -0.21948930378861 0.545256964741135
0  7.69726410805427  8.14320526561679 -1.07180495974071 -0.737431807038771 0.316096220025904 -0.196668285829306 0.563559309214062
0  7.92394121439737  8.41032906896705 -1.11141800659762 -0.739103902014471 0.297891948947093 -0.229252044566258 0.558953762704641
0  8.14735702175698  8.70524633707415 -1.14012632581844 -0.736092876054507 0.302277253483958 -0.247338901361725 0.552828370944522
0  8.25157896472076  8.99345497871684 -1.14273961282018 -0.745093334206671 0.304087544188568 -0.245254634840685 0.540570858333404
0  8.27807994909445  9.32606546434467 -1.15085056756611 -0.745717039192126 0.296773728592885 -0.241417079611579 0.545480746816441
0  8.24735229307318  9.60318606703528 -1.19852441643163 -0.743906313751044 0.298249690137869 -0.202067610326895 0.562866946578653
0  8.21858017186996  9.84677425870145 -1.29572464636726 -0.758483285367283 0.248609186046004 -0.178631134537525 0.575315127739427
0 8.17945487004551 10.0766486021659 -1.3353077991107 -0.77334221822594 0.192047413225645 -0.17504320750756 0.578290134870193
0  8.05888244009479  10.2975691067213 -1.30638742388806 -0.754116799541724 0.190981620953881 -0.178423721692566 0.602493857764666
0  7.83436992018885  10.4035798709491 -1.23392239731148 -0.761162792219442 0.218629659954272 -0.148095849781332 0.592368039994164
0  7.6474975215526 10.4175637719376 -1.1228412467455 -0.769099262376721 0.16749478633928 -0.153593616730331 0.597361550537393
0  7.39233221772854  10.3715777867417 -1.00288018091845 -0.769527796762886 0.14721742477273 -0.130074879434097 0.607646711167558
0   7.07565268940879   10.2241127567275 -0.903104929508851 -0.778192123002236 0.147318525050108 -0.123125880782488 0.59795843447172
0   6.76296702736103   10.0081965414973 -0.730840473334696 -0.781185710859663 0.166093438616927 -0.10567646579219 0.592447752442998
0   6.52331525352725    9.7593137431975 -0.669789552144353 -0.780232675797507 0.16792961360548 -0.12064781980851 0.590322555953633
0   6.32896822712634   9.49878599783656 -0.689847870738944 -0.799069291572512 0.149885877685054 -0.101391326218084 0.573360523496451
0    6.2341000872111   9.34982152128462 -0.665905009546831 -0.809769236412609 0.0811879214254956 -0.0731571987005616 0.57648098793684
0   6.11856752423962   9.20497498271406 -0.563078857792654 -0.807420730209665 0.0442666087922254 -0.0419100037256546 0.586818356360333
0   6.05113801721094   9.09461405519264 -0.562143426401667 -0.783728126374886 0.0455166504891536 -0.0506569016662504 0.617359163510784
0   6.00794754935061    8.8837241796365 -0.516276687855051 -0.797377842241801 0.062163479449877 -0.0529221501717961 0.597932709044829
0   5.97079645728366    8.6429809722932 -0.574181476762782 -0.799458118916125 0.0181944169145292 -0.0281862501313457 0.599784306726813
0    5.9477271287807   8.48481943920175 -0.572462736233753 -0.800044198386799 -0.0363109861544244 -0.000575957181832766 0.598840931454625
0   5.89011455874051   8.24638961687698 -0.573246066170812 -0.7976070806722 -0.0601721376048788 0.00111948977791819 0.60016748117527
0   5.75470243927943   8.02266720420842 -0.602908964580751 -0.795612459750974 -0.0999515779014082 0.0213598619953281 0.597121639416596
0   5.63508530410181   7.87604677012231 -0.610881570956024 -0.794384978263046 -0.12541455117447 0.0584131202054098 0.591448733240333
0   5.50966843765208    7.7352656091915 -0.660556719466337 -0.792173588941333 -0.148798513791769 0.0924272018199947 0.584617156471562
0   5.36279620229477    7.5655818513546 -0.762952264591637 -0.787043345856597 -0.174917205348183 0.101376548261977 0.582828910125881
0   5.18125096786346   7.33527325875377 -0.815787424986291 -0.773483944242534 -0.172745209970566 0.104839421329216 0.600741521926521
0   5.04714527274047   7.06685913596601 -0.872477677654335 -0.788371186979045 -0.160559924762403 0.0990335110391635 0.585562759909473
0   4.95712173210595   6.82543093669752 -0.936568205439086 -0.790435445831329 -0.158638203481035 0.0996843716080354 0.583188436465306
0  4.91157956158403  6.63513658552748 -0.95568671334811 -0.793293924206495 -0.142570518300534 0.0883122516281312 0.585285693777788
0    4.9106784831737    6.5197523645856 -0.988907313904326 -0.793716066690304 -0.090307912503543 0.0585850311535744 0.598687798891593
0   4.94966940802623   6.36030565137277 -0.997800878661655 -0.797453154306486 -0.0614639950229706 0.0268940532908927 0.599639353194934
0  4.97771590854504  6.17932105074984 -1.02088893094404 -0.797823820083675 -0.0672511484604163 0.0262971992733808 0.598550659884544
0  4.98502566740328  5.99240162377765 -1.05995865465288 -0.798856074674529 -0.0574858094667279 0.0118503349828523 0.598651754550467
0    4.963544250487  5.79696166997693 -1.03214765694436 -0.799118498427425 -0.0527434638798064 0.0134815653873446 0.598703599357615
0 4.92585865450971 5.58949348044469 -1.0155061285163 -0.79791853371472 -0.013470134870949 -0.00758680011492904 0.60256701659245
0  4.88980679847775  5.39737168711141 -1.04763530567449 -0.808756260935387 0.0301699299962271 -0.0369995138016346 0.5862031403023
0  4.85155231490357  5.25283125807482 -1.04741150150274 -0.797626645059367 0.0738602277004337 -0.0703026781573446 0.594469456994456
0   4.79062180984159   5.11456619150764 -0.888353230465583 -0.800516984431476 0.0797620154183568 -0.0569754610559512 0.591239693669666
0   4.72362317918593    4.9055056609479 -0.747964224386237 -0.799583752935306 0.0717241891444069 -0.061847620048857 0.593039909810259
0   4.71365568044694   4.73726018986177 -0.621466179664145 -0.793955976716689 0.0563020389021537 -0.0535849448105046 0.602986435287697
0   4.70723315863504   4.54796805608981 -0.441474908791218 -0.795482934841222 0.048467816600753 -0.0578779016408478 0.60125528657302
0   4.62910977808169   4.40042781271634 -0.281036554905841 -0.795543788087993 0.0464743064924804 -0.0630359487584883 0.600813356405105
0   4.49097957048857   4.22693267751722 -0.234373191534535 -0.795692218484132 0.0568498032684922 -0.0393517808374021 0.601741996753642
0   4.36828513396358   4.01809414703553 -0.201006173972331 -0.793745150608001 -0.00414244856006231 -0.0263814880183229 0.607663963960468
0   4.22149404263278   3.77214205558609 -0.206985527681765 -0.796624642679354 -0.00984026505434602 -0.0173750792282992 0.604144398700727
0   4.06474378457258   3.50448127974187 -0.182619647879664 -0.804469095199178 -0.00675947996726988 -0.014697840626322 0.59377416395538
0   3.90853060695579   3.27656110303643 -0.218803539720236 -0.815451984354194 -0.00784134077573598 -0.0120981076305437 0.57864515065747
0    3.7684450943382   3.15892498624091 -0.133569131162558 -0.806509450701553 0.010292795171749 0.0114295318808141 0.591021091076805
0   3.71811063626287   3.05684952505726 -0.207720469080728 -0.800859579295678 -0.000853353317219821 -0.00741783168648502 0.59880562940869
0    3.7440598759061   2.98007289139908 -0.327615869951153 -0.794913995579832 -0.0129014207705555 -0.0206817657167963 0.606232263691272
0   3.70436844108862   2.82043141180945 -0.308874852876992 -0.787768509454614 -0.0161133762717056 -0.0196186605754553 0.615448001681708
0   3.58920528519585   2.56067500457579 -0.249192680436034 -0.799629928238072 -0.0160992626558242 -0.0135399157223318 0.60012453898349
0   3.44383606526375   2.29029784117359 -0.175743037135735 -0.803950175800735 -0.0193594866484895 -0.0154112614562173 0.594181637318928
0   3.27854095895392   2.03483793049801 -0.138197757337487 -0.802127465782711 -0.0158104681312864 -0.00765403001116953 0.596894440884704
0   3.11441377799184   1.79371955919049 -0.106161655972008 -0.80806440171801 -0.0204039073965366 -0.00437791462540735 0.58872441524248
0   2.96433419604809   1.61042601895115 -0.102181161713332 -0.809127235538347 -0.0119945801271168 -0.000886366537637447 0.587510392343835
0    2.84366727781699    1.49896552377437 0.00959600565867147 -0.806395483852592 -0.00436318197845596 -0.010506272847714 0.591267202283381
0   2.7385814114916  1.41288717186576 0.115868046103176 -0.799429830489415 -0.0477055057686436 0.0103278366995269 0.598773301535841
0  2.61164301247758  1.32024260752688 0.129023870823993 -0.796193295480862 -0.0676929366066406 0.0085123831880349 0.601183367948045
0   2.43402817504564   1.19919143766705 0.0784993668385057 -0.802256909890974 -0.0690081386398904 0.0303679179747041 0.592198882886084
0  2.28715006589446  1.09641762173123 0.152237729339964 -0.807671000456045 -0.0608215528329355 0.0461336570623228 0.584670829971342
0  2.21400276870237  1.05572434108882 0.296914544023387 -0.805967020583118 -0.0581333486902903 0.0335912641541571 0.588140546531992
0  2.20623097906894  1.08379974525656 0.291900434078247 -0.803221241455102 0.0286940378885212 -0.00534428551720402 0.59496531670114
0   2.2465521886248  1.10722062845774 0.234021039540423 -0.7978905938374 0.0890180114530834 -0.0469912771951069 0.594338467348625
0  2.31026601023463  1.12316912714561 0.162263376363364 -0.790730668197252 0.135975667801652 -0.107103939549843 0.587183424724443
0 2.42205989790313 1.14066943562784 0.11074660289459 -0.779859679055071 0.19142221649584 -0.133484371643028 0.580825566364815
0    2.53327385692515    1.14946939183601 -0.0451644444593011 -0.779433694769967 0.178744459736681 -0.13324132514148 0.585474408360623
0   2.61693949883405   1.13571320353949 -0.189065554879462 -0.781720969149556 0.165326092767211 -0.138403285413737 0.585170180399592
0   2.66287202662317   1.10784059785813 -0.403375515086066 -0.77942521549837 0.196031983571023 -0.139198763912637 0.578525279471626
0   2.71291776481315   1.07710324642392 -0.558119456637558 -0.783876070464368 0.189066476073051 -0.150627289250517 0.571929710289386
0   2.75752126100974   1.10817804281178 -0.670372821296455 -0.786432358358044 0.182951555698837 -0.134012196589506 0.574537731711362
0  2.83225974423443  1.18443601748013 -0.80490854095573 -0.791947403041471 0.192570034215576 -0.130378750215281 0.564568396414804
0   2.94379335836049   1.30683861886796 -0.914168886494511 -0.790583297316224 0.201214106962182 -0.139701187884719 0.561225900389154
0  3.08771140470234  1.49285006524144 -1.08290568806339 -0.770438181872044 0.214776291344779 -0.162264416556275 0.577898271073321
0   3.1909513559726  1.64675994734557 -1.32570776250108 -0.759858145596708 0.241526563987427 -0.154318182137356 0.58349500093881
0   3.3005393815688  1.74266284814792 -1.63297519805347 -0.761095727946527 0.232256354496561 -0.165506899340105 0.582578531159825
0   3.4187262813585  1.80077379391977 -1.85285103839375 -0.773847022811356 0.218117139878336 -0.157062291615244 0.573512977298565
0  3.53681971046766  1.86786300819722 -1.90770586399367 -0.762992532073966 0.222545719126144 -0.175134983567476 0.58107102528762
0   3.5527162328208   1.9105354818048 -1.79690532538588 -0.747955326097944 0.230877702964589 -0.203295984837564 0.588157342030547
0  3.45214829245181  1.93082960594751 -1.76595849022992 -0.778382836837157 0.248887772000926 -0.162251711337211 0.553036543488675
0  3.39201101797972  1.99635057288295 -1.73706454954516 -0.770662288357701 0.234994986720937 -0.169642212292717 0.567519614927741
0  3.35680804578581  2.09385683164025 -1.62123717848424 -0.768397183535602 0.237934329330627 -0.180132819595993 0.566131778444681
0 3.29730642519089 2.21625136446729 -1.4536081577955 -0.758100820421549 0.265347644419116 -0.159121999371145 0.574067907998287
0 3.28895462328125 2.31755593382787 -1.3530207768332 -0.763607080523543 0.247854287360136 -0.187847893917124 0.56584949196974
0  3.28990583578939  2.41421603087142 -1.22928898787313 -0.753849343172855 0.269517097971564 -0.169361172967153 0.574794306504537
0  3.34640140815772  2.45473130212471 -1.13460336188085 -0.752930502910459 0.26501157982793 -0.191245233708006 0.571217805156735
0  3.39193558935626  2.46577325980673 -1.01264070282285 -0.745263570139226 0.251345500482357 -0.198058440901065 0.584961968335077
0   3.34500457922443   2.42225401354247 -0.936915801239032 -0.758083277955405 0.243275163983784 -0.183326247532373 0.576644106220423
0   3.25012958546184   2.33356431468518 -0.673200775235913 -0.766921542057724 0.230362319252835 -0.180955704374275 0.570981245971064
0  3.13056448449762  2.27168197587672 -0.41440114166634 -0.770244045321529 0.24563664108315 -0.167394836552468 0.564239062720481
0    3.0641867287645   2.23674549448324 -0.215099804506438 -0.782323311320043 0.232766460400728 -0.150634905523727 0.557762616814374
0    3.0828234262354   2.24008723937297 -0.029456823398053 -0.774712806724588 0.189973134010328 -0.141775439749153 0.586199624816615
0   3.08425062909434   2.23559220579797 0.0886920036456109 -0.789510624594294 0.13501646351059 -0.107243918388454 0.589018055922323
0  3.07752048884112  2.22590980565184 0.144651115866054 -0.800685855107886 0.0531444662829365 -0.073390626090016 0.592192234950586
0  3.03828358750831  2.22257391917474 0.127943755968504 -0.801451907066982 -0.019763995001809 -0.0299829370455522 0.596980107412624
0  2.92731454455408    2.213248912662 0.138172698158718 -0.798321042901718 -0.0270443061578106 -0.00846789961504694 0.601564969592533
0  2.78488894358784  2.15065551987535 0.185471982619223 -0.790320635462988 -0.0232188934208968 -0.0172893758344765 0.6120091940755
0  2.64220648835889   2.0441326213071 0.214677239639271 -0.792544179203803 -0.0614244626907352 0.00627072695468331 0.60668067166903
0 2.57493771501575 1.98959736784036 0.20917067674577 -0.791547426171563 -0.0768285792064694 0.0190580105486413 0.6059594324476
0  2.40754282125332  1.83863856660206 0.199383161010349 -0.795908300824286 -0.0918507251161268 0.031038011902055 0.597603600049236
0  2.16383831857438  1.64660169157353 0.244508515025275 -0.802530539068858 -0.0894604768005058 0.0286980854935984 0.589167189209885
0  1.89537492384587  1.47360518634712 0.248396915697944 -0.794498703883851 -0.0860394441475418 0.0317418157385947 0.600301158345775
0  1.62051108526992  1.28196958852223 0.260458502184344 -0.792466116962136 -0.0885345715159109 0.0350039023994636 0.602439880760111
0  1.31892452505015  1.01672678961078 0.293759411018835 -0.791765183288409 -0.0901336693805627 0.0405061300791092 0.602779453533614
0  1.05830695248728 0.740979692620014  0.27040419044344 -0.800940622718189 -0.104511342094104 0.0372109683293306 0.588376445899632
0 0.865363690644232 0.567873879676074 0.309419827414184 -0.81320166926343 -0.12027487281008 0.050223430024466 0.567198913216755
0 0.554329083124036 0.387766387318858 0.400212081815947 -0.791435771384882 -0.119809775962649 0.0685473190823025 0.595463099110957
0 0.426264527339307 0.309318528677692 0.391750615469461 -0.814447841109639 -0.111103317945893 0.0813432679585897 0.563661280922398
0 0.154382674297552 0.230309934461737 0.335314556735481 -0.792926564281365 -0.10841031937612 0.0809943669036669 0.594099805453252
0 0.0505768676481783   0.14476173591745  0.166335195792357 -0.795343409045562 -0.122276522520386 0.0687626228893899 0.589702480426764
0 0.0491298377701151 0.0934521385865862  0.112001634279635 -0.789801480307266 -0.119917309685464 0.0699812356716965 0.597441283471534
0  0.0319262109297707 0.00828795814899229 -0.0013358361029425 -0.802958644716614 -0.129375366415378 0.0614771975212726 0.578567181600093
0 -0.000839100502311315  -0.00986195468052482    -0.032051441413804 -0.813164884250215 -0.130335220706814 0.0615144629764229 0.563907414484296
0   -0.0372810544107522 -0.000892644375854727     -0.03541805383085 -0.796670181317599 -0.127477504017265 0.0641964372566963 0.587320121920286
0 -0.0662477151337143 0.00574937568122427 -0.0304972773257224 -0.792619460454073 -0.119089930893994 0.0743160338648322 0.593337261917503
0 -0.0954794521187377  0.0103786871606518 -0.0189253292332085 -0.793998247690867 -0.110746182647173 0.0847922001650424 0.591702922490741
0  -0.112655125734379  0.0122131518452245 0.00112931084204905 -0.79315933857088 -0.135982571920447 0.0430959012855423 0.592072417077583
0  -0.142405443215101 0.00684045230695564 0.00369098332571342 -0.810024893022131 -0.130064146734267 0.0499704415843406 0.569601567226283
0 -0.176460027598945 0.0131310856789404 -0.011042522978492 -0.808142165638228 -0.10831512590836 0.0817749205871723 0.573137798421962
0  -0.202681603563248  0.0292210538777916 -0.0460038108876209 -0.79900975839852 -0.097303462133932 0.0983116235043522 0.585192504159638
